$ANSIBLE_VAULT;1.1;AES256
31633036626330346237353734313338633436313430653232356439336165613234666462376364
3939313438393831613064396338333132363237383563370a366338386235643230373362343832
64303962343237346665356439326132336563663731303766666139663934646361353630313933
3733336134643335630a313438386538383962303561623833633135393866356336303632356366
65323335333065323461303534643263333535383935316435366137396436613431353733633932
63316465346439626538653166326163646566643263366436306134653964373933623438386564
33313863313036396566346331616333616663393233353635353537393231336236323537323535
31663938386363656430363936346338656231333238323161633930663364653530373630616361
33636636313465303363323666333732623635376231623931656333353466623565333638366263
31333166353235326363373566363363656336333266643236663163376631306562383538323864
34656535303865633035623837303961353962616339653437316231313164373734646536646265
39346231643564333261633132393239353939663333316630633266363633323462336335393130
37313939663532326366643838376662393462396562646230353861636139663833616333653333
62346264363533383066623864643333366535363335623235363535323638303766353432333161
37353264373233656133643366303061663336636238363530383532353431306233616236363736
32356664656633366162646539623438636135306637643061616431613035346264386632653230
35626464633264636462366436366236623834326665636461626137353031653335613930393566
63343736663766646561366533356337356464353966336632663762376236623437613136313039
61373134663564346263646137653336623035353961323137336634613036313032663362303165
62626436653966363763386464633837373639633266353365643765366631666431613436663162
66373136616636333466656535366333376135613564633361643435663831646633616263613533
6438363538316638633237333365396364616461646365323835
